# YOLOv5 Hyperparameter Evolution Results
# Best generation: 2
# Last generation: 5
#    metrics/precision,       metrics/recall,      metrics/mAP_0.5, metrics/mAP_0.5:0.95,         val/box_loss,         val/obj_loss,         val/cls_loss
#              0.93104,              0.86721,              0.92089,              0.65325,             0.016584,             0.013182,            0.0040752

lr0: 0.0101
lrf: 0.01
momentum: 0.86592
weight_decay: 0.00049
warmup_epochs: 3.0
warmup_momentum: 0.80897
warmup_bias_lr: 0.10866
box: 0.04496
cls: 0.89001
cls_pw: 0.85477
obj: 1.0526
obj_pw: 0.83811
iou_t: 0.2
anchor_t: 4.0316
fl_gamma: 0.0
hsv_h: 0.01255
hsv_s: 0.72237
hsv_v: 0.3534
degrees: 0.0
translate: 0.11403
scale: 0.40532
shear: 0.0
perspective: 0.0
flipud: 0.0
fliplr: 0.5
mosaic: 1.0
mixup: 0.0
copy_paste: 0.0
anchors: 3.032
